112582
369302
483993
814269
575124
646057
524757
454144
593777
900189
543186
222522
424238
503125
963743
427631
754338
469961
424263
312461
64028
147759
997865
58958
357752
251548
606521
522484
108987
752171
38751
589569
522136
577994
688880
47436
368496
415839
340233
432380
114198
53619
375812
889740
431167
995921
197343
95661
492656
731745
349646
385154
947243
602670
430490
865941
456594
528904
167461
170929
10889
617078
118109
840192
498830
152420
676353
760287
360160
712676
488633
985374
516159
341387
15141
874465
635947
699610
179360
699201
924903
19782
860730
649228
134890
442580
373171
253046
364742
979362
418802
253095
952228
947413
194413
971528
217182
550345
785490
458733
223521
364004
449781
917166
708399
55357
332440
469922
939885
231476
970926
621523
22115
952873
191521
473248
770657
691127
924537
226109
459013
372650
486743
79034
51527
452978
624406
878994
765621
112954
858692
38872
284641
447194
46545
623219
636539
52470
174988
954141
464342
305430
16981
657509
457935
910280
301337
913416
918310
399868
752576
495473
129878
560568
167484
907901
295665
363284
610143
558994
38278
883552
855873
459345
843822
847656
648928
700837
951609
650872
192658
335633
970574
888605
62299
134801
321153
878139
582844
207535
374112
647679
687258
295299
338465
436234
424438
1445
653510
618052
200410
100770
423967
461407
975643
316139
898630
33941
521688
892687
308300
587009
256161
358965
521275
604351
604195
799546
828277
925211
763601
443864
486222
987648
559252
944618
824760
459622
139986
876156
379892
702928
534156
289099
597806
963317
5650
171338
603122
579575
540935
239282
51354
381218
643184
113835
533705
863745
492354
555060
380310
785611
313490
813457
461376
667797
282844
489635
738866
416330
397476
54387
274785
609179
592346
559178
315890
766357
436915
818958
201113
705298
987114
348381
169241
54631
745393
612122
379297
710697
954002
847026
628078
372911
718462
251568
99170
91627
208379
338142
240732
405589
345039
911284
887857
522921
238438
582099
544762
158631
731077
204837
587240
507841
461015
666017
178466
22201
717234
699655
907388
186029
644078
677284
928271
846424
765650
314467
33962
638423
470496
878543
262627
949830
384060
905902
77113
280099
990050
379375
619237
118059
241416
578655
310917
963776
723285
48839
497114
322187
115149
682365
35262
820941
258343
749228
472564
13263
590065
777582
566626
57288
356121
874058
269534
296829
254810
488998
212411
726040
987696
189438
604446
200864
903642
677208
909748
492227
376727
482203
92022
381341
721803
772822
413610
200194
749302
500543
864136
943951
464879
517231
691471
730842
948730
895876
422162
943952
851059
992775
522646
287762
149065
117632
33605
520035
983249
305362
793085
564069
811780
737103
975354
769714
967258
386864
92387
426823
393274
790056
852577
191990
322092
931455
810907
175233
366890
846818
929577
321777
630549
656378
628946
485001
309186
442527
334840
68197
247942
42269
929812
776307
775954
338487
397840
316486
714201
614586
58217
932179
314664
308585
649676
664069
188676
243489
95246
404804
277028
703967
624064
137742
717873
444173
716860
120525
704101
662535
80677
732196
975624
832955
950097
454620
314482
307247
491073
268668
867989
417653
901520
928312
797011
341846
502867
885064
392181
271438
63474
84644
110293
784110
320768
608854
730650
537752
38434
929600
40336
909158
364562
711797
74784
131278
770148
551812
459885
843447
525235
181749
760518
663636
28116
306866
700263
210960
769166
897133
523118
169937
411916
93851
781015
968927
368135
86905
991170
344269
274545
106376
736647
912041
380687
121966
107452
868883
630495
25769
633452
997787
767670
478031
661132
958081
183813
909444
292378
702135
607534
205770
61572
505502
920244
631428
440000
553088
143218
626474
150439
746542
481022
794621
177203
746157
401552
365004
508574
459114
6811
431232
992110
511649
660658
105899
351331
845967
181704
687030
377926
662594
940340
885971
641493
353641
200893
658593
165857
175136
728513
272601
723337
244044
240744
794666
839299
134254
544105
45736
547239
500763
482992
185253
573350
484430
268191
189139
105067
574166
570815
512974
380450
723389
171547
222484
983032
722184
225030
502328
448885
989374
149651
528618
584621
931222
814218
718704
590087
132595
440948
284153
921117
256366
904285
697552
899971
400612
531873
311878
286711
95237
487500
512032
327242
421547
621417
844919
228976
283590
420450
70416
924851
13155
891185
110578
735717
166038
823320
862738
716839
565347
373214
781106
845252
227587
667206
930890
910676
965498
507746
623863
215775
206971
308519
499477
531123
259526
902055
901547
892519
346928
52886
819352
21808
673326
801741
323169
155664
753091
918412
493430
156411
781916
760828
847359
766865
343120
887932
165951
860467
558359
941689
682629
756709
22350
262561
368718
917846
845616
535877
516685
211081
147174
392407
559707
434600
923712
451664
163178
876098
698788
425565
188897
682299
705392
666780
296078
955849
275901
875955
755360
897833
39511
349982
683507
377783
263324
683606
343441
396027
253133
808556
790296
815998
834469
810325
328008
287111
104550
721532
403595
659545
70149
617818
226336
524862
181513
979723
566406
545250
127982
479910
354200
920102
115234
268648
439927
625280
984719
401990
136877
27830
617635
360734
394185
409066
352573
163941
89696
218124
126303
494923
166985
236543
362299
813218
660471
638142
580879
399287
528337
472505
746947
185977
105695
304036
766157
897572
782741
420659
591410
989120
862022
451240
528163
172349
648185
383573
848231
883773
334194
856037
963658
401277
93856
426380
596861
429030
76515
205889
33555
560858
148601
896847
58043
401267
890901
771311
739563
24570
337157
816208
519292
590742
148942
353552
356514
135887
482508
723645
12613
229357
818287
520361
424619
357848
141126
900185
548798
926599
835863
755981
719629
960831
854108
506174
169397
372347
837347
535684
373180
635484
870897
160114
144118
844441
888942
177646
60645
339949
63105
663929
712751
687530
940208
425752
203954
147617
171275
989628
626422
51438
509403
589712
964532
983317
398828
415191
514103
34048
92010
238891
285564
467760
380798
671705
271036
143770
909276
899086
516529
672067
334980
284281
800921
627256
466798
453737
778027
408567
355994
223947
17776
519543
687054
203602
826523
810236
866449
326800
689399
106087
871859
247634
912892
555082
175416
719323
995066
66957
17473
672569
136134
123683
652339
578129
547891
905287
67318
355447
664961
99173
547292
14261
928881
487812
717733
206981
129370
476780
475618
800721
527869
586667
924856
290633
891712
784465
185890
530383
529103
408010
599887
22471
795782
649629
42055
290753
681527
325467
630792
859649
237512
165849
345335
858841
548000
417961
957800
466893
238427
645853
950840
786379
976311
333936
533713
215206
705426
59350
970559
597317
815691
572965
954923
802453
901220
664600
168545
10457
516032
425784
107086
648089
492035
